new 
-> 1973 1975 1975 1979 1983 1996 1998 1999 2002 2002 2003 2004 2004 2004 2004 2004 2004 2004 2004 2004 2004 2004 2006 2007 
-> 1892 1948 1951 1971 1973 1981 1989 1992 2001 2002 2003 2003 2003 2004 2004 2004 2004 2004 2006 
-> 1968 1968 1973 1976 2001 
-> 1941 1997 1997 
-> 1888 1892 1983 2001 
new 
-> 1973 1976 1976 1979 1981 1981 1983 1991 1991 1991 1992 1992 1992 1993 1993 1994 1994 1995 1996 1996 1996 1996 1996 1996 1996 1996 1996 1996 1997 1997 1997 1997 1997 1997 1998 1999 1999 1999 1999 2000 2000 2000 2001 2001 2001 2001 2001 2002 2002 2002 2002 2002 2002 2002 2002 2002 2002 2002 2002 2002 2003 2003 2003 2003 2003 2004 2004 2004 2004 2004 2004 2004 2004 2004 2004 2004 2004 2004 2004 2004 2005 2007 
-> 1904 1968 1974 1981 1981 1982 1983 1989 1991 1992 1992 1992 1995 1995 1996 1996 1996 1996 1997 1997 1997 1997 1997 1997 1997 1997 1997 1997 1998 1998 1998 1999 2000 2000 2000 2000 2000 2001 2001 2001 2001 2001 2002 2002 2002 2002 2002 2002 2002 2002 2002 2002 2002 2003 2003 2003 2003 2003 2003 2003 2003 2004 2004 2004 2004 2004 2004 2004 2004 2004 2004 2005 2005 2006 2006 
-> 1968 1973 1973 1975 1976 1979 1982 1992 1992 1992 1995 1996 1996 1998 1998 1999 2000 2000 2001 2002 2002 2002 2003 2004 2004 2007 
-> 1974 1996 1997 1997 1997 2001 2002 2006 2010 
-> 1892 1983 1983 1996 1997 2003 
new 
-> 1967 1971 1973 1974 1974 1975 1975 1976 1976 1976 1977 1977 1978 1978 1978 1978 1978 1978 1979 1979 1979 1980 1980 1980 1980 1980 1980 1981 1981 1981 1981 1981 1981 1981 1982 1982 1982 1982 1982 1983 1983 1983 1983 1984 1988 1988 1988 1989 1989 1990 1990 1990 1991 1991 1992 1992 1992 1993 1993 1995 1995 1995 1995 1995 1995 1996 1996 1996 1996 1996 1996 1996 1996 1996 1996 1997 1997 1997 1997 1997 1997 1997 1997 1997 1997 1998 1998 1999 1999 2000 2000 2000 2000 2000 2001 2001 2001 2001 2001 2001 2001 2001 2002 2002 2002 2002 2003 2003 2003 2003 2003 2003 2004 2004 2004 2004 2004 2006 2006 2010 2010 
-> 1904 1964 1968 1973 1973 1974 1975 1976 1978 1978 1979 1979 1979 1979 1980 1980 1980 1981 1981 1982 1983 1983 1983 1983 1983 1983 1983 1983 1984 1984 1984 1984 1984 1984 1984 1984 1984 1985 1986 1986 1988 1989 1989 1990 1990 1991 1992 1992 1992 1992 1992 1992 1993 1993 1993 1994 1995 1995 1995 1995 1995 1996 1996 1996 1996 1996 1996 1996 1997 1997 1997 1997 1997 1997 1997 1997 1997 1998 1998 1999 1999 1999 1999 2000 2000 2000 2000 2000 2000 2001 2001 2001 2002 2002 2002 2002 2002 2002 2003 2003 2003 2003 2003 2003 2003 2004 2004 2004 2004 2004 2004 2004 2004 2005 2005 2005 2006 2006 2006 2006 2007 2007 2009 
-> 1968 1973 1976 1977 1978 1979 1979 1981 1981 1982 1982 1984 1988 1988 1989 1990 1991 1991 1992 1992 1992 1993 1994 1995 1996 1996 1996 1996 1997 1997 1997 1997 1997 1998 1998 1999 1999 2000 2000 2001 2001 2001 2004 2005 2005 2005 2005 2005 
-> 1903 1967 1971 1978 1980 1980 1991 1999 2000 2001 2001 2001 2001 2001 2002 2004 2010 
-> 1888 1979 1980 1983 1983 1995 1996 1997 1997 2000 2000 2001 2004 2004 2004 
new 
-> 1964 1964 1966 1966 1967 1968 1969 1970 1970 1971 1971 1973 1973 1974 1974 1974 1974 1975 1975 1975 1975 1975 1975 1975 1975 1976 1976 1976 1976 1976 1976 1976 1977 1977 1977 1977 1977 1977 1977 1978 1978 1978 1978 1978 1978 1979 1979 1979 1979 1980 1980 1980 1980 1980 1980 1980 1980 1981 1981 1981 1981 1981 1981 1982 1982 1982 1982 1982 1982 1982 1982 1982 1982 1982 1983 1983 1983 1983 1983 1983 1983 1983 1983 1983 1983 1983 1984 1984 1984 1984 1984 1984 1984 1984 1984 1984 1984 1984 1984 1984 1984 1984 1984 1984 1984 1984 1984 1984 1984 1984 1985 1985 1988 1988 1988 1989 1990 1990 1990 1990 1990 1991 1992 1992 1992 1992 1992 1992 1993 1993 1993 1993 1993 1994 1994 1994 1994 1995 1995 1995 1995 1995 1995 1996 1996 1996 1996 1997 1997 1997 1997 1997 1998 1998 1999 2000 2001 2001 2003 2003 2004 2004 2004 2004 2004 2004 2005 2005 2006 2006 
-> 1965 1966 1968 1968 1970 1970 1971 1971 1972 1972 1973 1973 1973 1974 1974 1974 1974 1974 1975 1975 1975 1975 1975 1976 1976 1976 1976 1977 1977 1977 1977 1977 1978 1978 1978 1978 1979 1979 1979 1979 1980 1980 1980 1980 1980 1980 1981 1981 1981 1981 1981 1982 1982 1982 1982 1982 1982 1982 1982 1982 1982 1982 1982 1982 1982 1982 1983 1983 1983 1983 1983 1983 1983 1983 1983 1983 1983 1984 1984 1984 1984 1984 1984 1984 1984 1984 1984 1984 1984 1985 1985 1985 1988 1988 1988 1990 1990 1990 1991 1991 1992 1992 1992 1993 1993 1993 1993 1994 1995 1995 1996 1996 1996 1996 1997 1997 1997 1998 1998 1998 2001 2001 2001 2002 2002 2003 2003 2003 2003 2004 2004 2005 2005 2006 2006 2007 2008 2009 
-> 1969 1972 1973 1973 1974 1975 1975 1977 1977 1977 1977 1979 1979 1979 1980 1980 1980 1980 1980 1981 1981 1981 1981 1981 1981 1982 1982 1982 1982 1983 1983 1984 1984 1984 1984 1985 1986 1990 1991 1991 1993 1993 1994 1995 1995 1995 1995 1996 1996 1997 1997 1998 1998 2000 2001 2002 2003 2005 2005 2005 2005 
-> 1968 1968 1969 1973 1974 1976 1976 1976 1977 1977 1978 1981 1982 1982 1982 1982 1982 1984 1984 1984 1990 1993 1994 1998 1998 1998 2001 2004 2006 
-> 1975 1978 1980 1982 1984 1990 1994 1995 2000 2003 2004 2004 
new 
-> 1967 1967 1967 1969 1969 1970 1973 1973 1973 1974 1974 1975 1976 1976 1977 1977 1977 1980 1980 1980 1980 1982 1982 1982 1982 1982 1982 1982 1982 1983 1983 1983 1983 1984 1984 1984 1984 1984 1984 1984 1984 1984 1984 1984 1985 1987 1988 1989 1991 1991 1992 1997 1997 1998 1999 2001 2001 2001 2001 2004 2004 2005 2006 
-> 1964 1964 1970 1971 1971 1973 1973 1973 1974 1974 1975 1975 1975 1975 1975 1975 1979 1979 1980 1980 1980 1981 1981 1981 1981 1982 1982 1983 1983 1983 1983 1984 1984 1984 1984 1984 1985 1986 1988 1988 1990 1990 1993 1994 1998 2000 2004 2005 2006 2007 2008 2009 
-> 1967 1969 1976 1976 1977 1980 1980 1982 1984 1984 1985 1990 1995 2003 2005 2008 2009 
-> 1965 1966 1974 1976 1980 1980 1981 1981 1982 1984 1993 1996 1996 2002 2002 2004 2008 
-> 1964 1965 1966 1977 1993 1999 2001 
new 
-> 1935 1959 1965 1973 1973 1975 1976 1977 1979 1980 1982 1984 1991 2004 2005 2007 
-> 1926 1937 1947 1961 1975 1980 1983 1995 1996 2005 2009 2009 2009 
-> 1964 1971 
-> 1966 1984 
-> 1926 1937 1999 
new 
-> 1930 1934 1958 1971 1984 1987 2007 
-> 1948 1974 
-> 1957 
-> 1946 1992 
-> 1924 1929 1964 
new 
-> 1939 1957 
-> 1991 
-> 1932 1970 
-> 1943 
-> 0 
