new 
-> 2009 
-> 1890 1940 1946 1991 2001 
-> 2008 2008 
-> 0 
-> 0 
new 
-> 1945 1995 1996 1996 1996 1997 1997 1997 1998 1998 2001 2001 2004 2004 2004 2005 2008 2009 2009 
-> 1948 1992 1993 1996 1996 2000 2001 2003 2007 2010 
-> 1989 1996 1998 2003 2004 2006 2008 
-> 1996 2005 2005 
-> 1997 
new 
-> 1989 1989 1989 1990 1992 1995 1996 1998 2001 2001 2001 2002 2002 2002 2002 2004 2004 2004 2005 2005 2006 2006 2007 2007 2008 2008 2009 2009 2009 
-> 1989 1991 1991 1991 1995 1996 1998 2001 2001 2001 2001 2002 2002 2003 2004 2006 2007 2007 2008 
-> 1999 2002 2002 2006 2006 2007 
-> 2002 
-> 0 
new 
-> 1988 1988 1989 1991 1993 1995 1995 1996 1996 1996 1996 1996 1997 1997 1998 2001 2003 2004 2005 2006 2006 2009 2010 
-> 1930 1990 1991 1991 1991 1992 1993 1995 1996 1997 1997 1998 1998 1998 2001 2004 2005 2005 2005 2008 
-> 2000 2002 2004 2004 2007 
-> 2001 2006 
-> 0 
new 
-> 1990 1998 2004 2008 
-> 1938 1990 1991 2001 
-> 2004 2006 2007 2007 2008 2008 
-> 0 
-> 1995 2005 
new 
-> 1947 2002 2006 2008 
-> 1938 1991 
-> 2006 2008 
-> 0 
-> 0 
new 
-> 1935 
-> 2007 
-> 0 
-> 0 
-> 0 
new 
-> 0 
-> 1988 
-> 0 
-> 0 
-> 1991 


