new 
-> 1868 1876 
-> 1871 1944 
-> 1982 1992 
-> 2002 
-> 0 
new 
-> 1684 1843 1865 1985 1995 1997 2002 
-> 1859 1869 1889 1996 1997 2000 2001 2003 2004 2006 
-> 1990 1995 1996 2002 
-> 1983 2000 
-> 1970 1976 1976 1995 1996 1996 1997 2002 
new 
-> 1843 1850 1864 1869 1985 1985 1985 1985 1985 1985 1985 1985 1986 1991 1994 1995 
-> 1871 1886 1887 1979 1981 1985 1991 1996 2001 2002 2003 2004 2007 
-> 1978 1990 1994 1995 1995 1995 1996 2000 
-> 1979 1981 1984 1996 1996 2000 2001 2002 2003 2005 2005 2005 
-> 1978 1984 1991 1996 1999 2004 
new 
-> 1843 1901 1975 1979 1982 1985 1985 1985 1985 1985 1985 1985 1985 1985 1986 1987 1991 2000 2008 
-> 1872 1966 1974 1979 1979 1980 1981 1982 1982 1983 1983 1984 1985 1985 1998 2008 
-> 1975 1977 1981 1982 1986 1989 1995 1995 1996 1998 1998 1999 2002 
-> 1976 1981 1983 1984 1990 1992 1998 2000 2005 2005 
-> 1984 1984 1984 1992 1999 2004 2004 2005 2005 2006 2006 
new 
-> 1843 1845 1964 1976 1976 1985 1985 1986 
-> 1872 1964 1973 1982 2003 
-> 1970 1975 1996 
-> 1979 1998 
-> 1975 1976 1979 1989 1996 2004 2005 2006 
new 
-> 1956 1985 
-> 1932 1973 1973 1984 
-> 1988 
-> 1965 
-> 0 
new 
-> 1845 1931 1945 1980 
-> 1933 2004 
-> 0 
-> 1955 
-> 0 
new 
-> 0 
-> 1930 
-> 0 
-> 0 
-> 0 
