new
-> 1856 1858 1871 1975 1977 1981 1982 1998 2002 2007 
-> 1868 1876 
-> 1941 1997 1997 
-> 1888 1925 1968 2003 2004 
-> 1946 1968 1975 1981 
new 
-> 1859 1860 1940 1968 1978 1979 1981 1982 1985 1991 1993 1993 1995 1995 1995 1995 1996 1996 1996 1997 1997 1998 1998 1998 1999 2000 2000 2000 2001 2001 2001 2001 2002 2002 2002 2002 2002 2002 2002 2003 2003 2003 2003 2003 2004 2004 2004 2004 2004 2004 2005 2005 2005 2006 2007 2007 2008 
-> 1684 1843 1865 1985 1995 1997 2002 
-> 1974 1996 1997 1997 1997 2001 2002 2006 2010 
-> 1888 1925 1983 1998 2002 2003 2003 2003 2004 
-> 1968 1981 2003 2005 2007 2010 
new 
-> 1858 1860 1905 1921 1940 1976 1977 1978 1979 1979 1980 1980 1981 1981 1981 1983 1983 1984 1984 1985 1988 1990 1991 1992 1992 1993 1993 1993 1994 1995 1995 1995 1996 1996 1996 1996 1996 1996 1997 1997 1997 1998 1998 1998 1998 1998 1998 1998 1998 1999 1999 1999 1999 2000 2000 2000 2000 2001 2001 2001 2002 2002 2003 2004 2004 2004 2004 2004 2004 2004 2004 2005 2005 2005 2005 2005 2005 2006 2007 2007 2007 2008 2008 2009 
-> 1843 1850 1864 1869 1985 1985 1985 1985 1985 1985 1985 1985 1986 1991 1994 1995 
-> 1903 1967 1971 1978 1980 1980 1991 1999 2000 2001 2001 2001 2001 2001 2002 2004 2010 
-> 1978 1981 1981 1982 1983 1983 1984 1984 1988 1992 1994 1996 1996 1998 2000 2001 2002 2005 2005 2005 
-> 1979 1985 1993 1997 2000 2000 2000 2001 2001 2010 
new 
-> 1856 1906 1964 1966 1966 1974 1974 1975 1975 1975 1976 1976 1976 1976 1977 1977 1977 1977 1977 1978 1978 1978 1979 1980 1980 1980 1980 1981 1981 1981 1982 1982 1982 1982 1982 1983 1983 1983 1983 1983 1984 1984 1984 1984 1985 1985 1985 1988 1990 1991 1992 1992 1992 1993 1993 1993 1993 1994 1995 1995 1995 1995 1996 1996 1997 1997 1998 1998 1998 1999 1999 2000 2001 2001 2002 2002 2003 2003 2004 2004 2004 2004 2004 2004 2005 2005 2005 2005 2005 2007 2007 2009 
-> 1843 1901 1975 1979 1982 1985 1985 1985 1985 1985 1985 1985 1985 1985 1986 1987 1991 2000 2008 
-> 1968 1968 1969 1973 1974 1976 1976 1976 1977 1977 1978 1981 1982 1982 1982 1982 1982 1984 1984 1984 1990 1993 1994 1998 1998 1998 2001 2004 2006 
-> 1955 1965 1971 1973 1974 1975 1978 1980 1981 1982 1982 1982 1982 1982 1984 1987 1988 1995 1995 1997 2001 
-> 1978 1979 1981 1983 1984 1995 1996 1997 1998 2000 2000 2001 2001 2001 2003 2005 
new 
-> 1909 1959 1964 1965 1965 1965 1966 1969 1970 1971 1972 1973 1974 1975 1976 1977 1978 1979 1982 1983 1983 1983 1984 1985 1988 1989 1989 1991 1995 1998 1998 2001 2001 2001 2002 2005 2006 2007 2007 2009 2009 
-> 1843 1845 1964 1976 1976 1985 1985 1986 
-> 1965 1966 1974 1976 1980 1980 1981 1981 1982 1984 1993 1996 1996 2002 2002 2004 2008 
-> 1964 1965 1975 1978 1997 2002 2002 
-> 1973 1975 1978 1978 1987 1987 1990 1994 1997 1998 1998 2000 
new 
-> 1845 1856 1936 1936 1947 1963 1967 1973 1983 1995 2005 2009 
-> 1956 1985 
-> 1966 1984 
-> 1930 1933 1973 1978 2002 2005 
-> 1966 
new 
-> 1930 1940 1950 1965 1967 2009 
-> 1845 1931 1945 1980 
-> 1946 1992 
-> 1950 
-> 0 
new 
-> 1975 2007 
-> 0 
-> 1943 
-> 1951 
-> 0 
